1 2 3 4 5 6 7 8 9 10 11 12 13 14 15 16 17 18 19 20 21 22 23 24 25 26 27 28 29 30 31 32 33 34 35 36 37 38 39 40 41 42 43 44 45 46 47 48 49 50 51 52 53 54 55 56 57 58 59 60 61 62 63 64 65 66 67 68 69 70 71 72 73 74 75 76 77 78 79 80 81 82 83 84 85 86 87 88 89 90 91 92 93 94 95 96 97 98 99 100 101 102 103 104 105 106 107 108 109 110 111 112 113 114 115 116 117 118 119 120 121 122 123 124 125 126 127 128 129 130 131 132 133 134 135 136 137 138 139 140 141 142 143 144 145 146 147 148 149 150 151 152 153 154 155 156 157 158 159 160 161 162 163 164 165 166 167 168 169 170 171 172 173 174 175 176 177 178 179 180 181 182 183 184 185 186 187 188 189 190 191 192 193 194 195 196 197 198 199 200 201 202 203 204 205 206 207 208 209 210 211 212 213 214 215 216 217 218 219 220 221 222 223 224 225 226 227 228 229 230 231 232 233 234 235 236 237 238 239 240 241 242 243 244 245 246 247 248 249 250 251 252 253 254 255 
2 4 6 8 10 12 14 16 18 20 22 24 26 28 30 32 34 36 38 40 42 44 46 48 50 52 54 56 58 60 62 64 66 68 70 72 74 76 78 80 82 84 86 88 90 92 94 96 98 100 102 104 106 108 110 112 114 116 118 120 122 124 126 128 130 132 134 136 138 140 142 144 146 148 150 152 154 156 158 160 162 164 166 168 170 172 174 176 178 180 182 184 186 188 190 192 194 196 198 200 202 204 206 208 210 212 214 216 218 220 222 224 226 228 230 232 234 236 238 240 242 244 246 248 250 252 254 195 193 199 197 203 201 207 205 211 209 215 213 219 217 223 221 227 225 231 229 235 233 239 237 243 241 247 245 251 249 255 253 131 129 135 133 139 137 143 141 147 145 151 149 155 153 159 157 163 161 167 165 171 169 175 173 179 177 183 181 187 185 191 189 67 65 71 69 75 73 79 77 83 81 87 85 91 89 95 93 99 97 103 101 107 105 111 109 115 113 119 117 123 121 127 125 3 1 7 5 11 9 15 13 19 17 23 21 27 25 31 29 35 33 39 37 43 41 47 45 51 49 55 53 59 57 63 61 
3 6 5 12 15 10 9 24 27 30 29 20 23 18 17 48 51 54 53 60 63 58 57 40 43 46 45 36 39 34 33 96 99 102 101 108 111 106 105 120 123 126 125 116 119 114 113 80 83 86 85 92 95 90 89 72 75 78 77 68 71 66 65 192 195 198 197 204 207 202 201 216 219 222 221 212 215 210 209 240 243 246 245 252 255 250 249 232 235 238 237 228 231 226 225 160 163 166 165 172 175 170 169 184 187 190 189 180 183 178 177 144 147 150 149 156 159 154 153 136 139 142 141 132 135 130 129 67 64 69 70 79 76 73 74 91 88 93 94 87 84 81 82 115 112 117 118 127 124 121 122 107 104 109 110 103 100 97 98 35 32 37 38 47 44 41 42 59 56 61 62 55 52 49 50 19 16 21 22 31 28 25 26 11 8 13 14 7 4 1 2 131 128 133 134 143 140 137 138 155 152 157 158 151 148 145 146 179 176 181 182 191 188 185 186 171 168 173 174 167 164 161 162 227 224 229 230 239 236 233 234 251 248 253 254 247 244 241 242 211 208 213 214 223 220 217 218 203 200 205 206 199 196 193 194 
4 8 12 16 20 24 28 32 36 40 44 48 52 56 60 64 68 72 76 80 84 88 92 96 100 104 108 112 116 120 124 128 132 136 140 144 148 152 156 160 164 168 172 176 180 184 188 192 196 200 204 208 212 216 220 224 228 232 236 240 244 248 252 195 199 203 207 211 215 219 223 227 231 235 239 243 247 251 255 131 135 139 143 147 151 155 159 163 167 171 175 179 183 187 191 67 71 75 79 83 87 91 95 99 103 107 111 115 119 123 127 3 7 11 15 19 23 27 31 35 39 43 47 51 55 59 63 69 65 77 73 85 81 93 89 101 97 109 105 117 113 125 121 5 1 13 9 21 17 29 25 37 33 45 41 53 49 61 57 197 193 205 201 213 209 221 217 229 225 237 233 245 241 253 249 133 129 141 137 149 145 157 153 165 161 173 169 181 177 189 185 134 130 142 138 150 146 158 154 166 162 174 170 182 178 190 186 198 194 206 202 214 210 222 218 230 226 238 234 246 242 254 250 6 2 14 10 22 18 30 26 38 34 46 42 54 50 62 58 70 66 78 74 86 82 94 90 102 98 110 106 118 114 126 122 
5 10 15 20 17 30 27 40 45 34 39 60 57 54 51 80 85 90 95 68 65 78 75 120 125 114 119 108 105 102 99 160 165 170 175 180 177 190 187 136 141 130 135 156 153 150 147 240 245 250 255 228 225 238 235 216 221 210 215 204 201 198 195 131 134 137 140 151 146 157 152 171 174 161 164 191 186 181 176 211 214 217 220 199 194 205 200 251 254 241 244 239 234 229 224 35 38 41 44 55 50 61 56 11 14 1 4 31 26 21 16 115 118 121 124 103 98 109 104 91 94 81 84 79 74 69 64 197 192 207 202 209 212 219 222 237 232 231 226 249 252 243 246 149 144 159 154 129 132 139 142 189 184 183 178 169 172 163 166 101 96 111 106 113 116 123 126 77 72 71 66 89 92 83 86 53 48 63 58 33 36 43 46 29 24 23 18 9 12 3 6 70 67 76 73 82 87 88 93 110 107 100 97 122 127 112 117 22 19 28 25 2 7 8 13 62 59 52 49 42 47 32 37 230 227 236 233 242 247 248 253 206 203 196 193 218 223 208 213 182 179 188 185 162 167 168 173 158 155 148 145 138 143 128 133 
6 12 10 24 30 20 18 48 54 60 58 40 46 36 34 96 102 108 106 120 126 116 114 80 86 92 90 72 78 68 66 192 198 204 202 216 222 212 210 240 246 252 250 232 238 228 226 160 166 172 170 184 190 180 178 144 150 156 154 136 142 132 130 67 69 79 73 91 93 87 81 115 117 127 121 107 109 103 97 35 37 47 41 59 61 55 49 19 21 31 25 11 13 7 1 131 133 143 137 155 157 151 145 179 181 191 185 171 173 167 161 227 229 239 233 251 253 247 241 211 213 223 217 203 205 199 193 134 128 138 140 158 152 146 148 182 176 186 188 174 168 162 164 230 224 234 236 254 248 242 244 214 208 218 220 206 200 194 196 70 64 74 76 94 88 82 84 118 112 122 124 110 104 98 100 38 32 42 44 62 56 50 52 22 16 26 28 14 8 2 4 197 195 201 207 221 219 209 215 245 243 249 255 237 235 225 231 165 163 169 175 189 187 177 183 149 147 153 159 141 139 129 135 5 3 9 15 29 27 17 23 53 51 57 63 45 43 33 39 101 99 105 111 125 123 113 119 85 83 89 95 77 75 65 71 
7 14 9 28 27 18 21 56 63 54 49 36 35 42 45 112 119 126 121 108 107 98 101 72 79 70 65 84 83 90 93 224 231 238 233 252 251 242 245 216 223 214 209 196 195 202 205 144 151 158 153 140 139 130 133 168 175 166 161 180 179 186 189 3 4 13 10 31 24 17 22 59 60 53 50 39 32 41 46 115 116 125 122 111 104 97 102 75 76 69 66 87 80 89 94 227 228 237 234 255 248 241 246 219 220 213 210 199 192 201 206 147 148 157 154 143 136 129 134 171 172 165 162 183 176 185 190 6 1 8 15 26 29 20 19 62 57 48 55 34 37 44 43 118 113 120 127 106 109 100 99 78 73 64 71 82 85 92 91 230 225 232 239 250 253 244 243 222 217 208 215 194 197 204 203 150 145 152 159 138 141 132 131 174 169 160 167 178 181 188 187 5 2 11 12 25 30 23 16 61 58 51 52 33 38 47 40 117 114 123 124 105 110 103 96 77 74 67 68 81 86 95 88 229 226 235 236 249 254 247 240 221 218 211 212 193 198 207 200 149 146 155 156 137 142 135 128 173 170 163 164 177 182 191 184 
8 16 24 32 40 48 56 64 72 80 88 96 104 112 120 128 136 144 152 160 168 176 184 192 200 208 216 224 232 240 248 195 203 211 219 227 235 243 251 131 139 147 155 163 171 179 187 67 75 83 91 99 107 115 123 3 11 19 27 35 43 51 59 69 77 85 93 101 109 117 125 5 13 21 29 37 45 53 61 197 205 213 221 229 237 245 253 133 141 149 157 165 173 181 189 134 142 150 158 166 174 182 190 198 206 214 222 230 238 246 254 6 14 22 30 38 46 54 62 70 78 86 94 102 110 118 126 138 130 154 146 170 162 186 178 202 194 218 210 234 226 250 242 10 2 26 18 42 34 58 50 74 66 90 82 106 98 122 114 73 65 89 81 105 97 121 113 9 1 25 17 41 33 57 49 201 193 217 209 233 225 249 241 137 129 153 145 169 161 185 177 207 199 223 215 239 231 255 247 143 135 159 151 175 167 191 183 79 71 95 87 111 103 127 119 15 7 31 23 47 39 63 55 12 4 28 20 44 36 60 52 76 68 92 84 108 100 124 116 140 132 156 148 172 164 188 180 204 196 220 212 236 228 252 244 
9 18 27 36 45 54 63 72 65 90 83 108 101 126 119 144 153 130 139 180 189 166 175 216 209 202 195 252 245 238 231 227 234 241 248 199 206 213 220 171 162 185 176 143 134 157 148 115 122 97 104 87 94 69 76 59 50 41 32 31 22 13 4 5 12 23 30 33 40 51 58 77 68 95 86 105 96 123 114 149 156 135 142 177 184 163 170 221 212 207 198 249 240 235 226 230 239 244 253 194 203 208 217 174 167 188 181 138 131 152 145 118 127 100 109 82 91 64 73 62 55 44 37 26 19 8 1 10 3 24 17 46 39 60 53 66 75 80 89 102 111 116 125 154 147 136 129 190 183 172 165 210 219 192 201 246 255 228 237 233 224 251 242 205 196 223 214 161 168 179 186 133 140 151 158 121 112 107 98 93 84 79 70 49 56 35 42 21 28 7 14 15 6 29 20 43 34 57 48 71 78 85 92 99 106 113 120 159 150 141 132 187 178 169 160 215 222 197 204 243 250 225 232 236 229 254 247 200 193 218 211 164 173 182 191 128 137 146 155 124 117 110 103 88 81 74 67 52 61 38 47 16 25 2 11 
10 20 30 40 34 60 54 80 90 68 78 120 114 108 102 160 170 180 190 136 130 156 150 240 250 228 238 216 210 204 198 131 137 151 157 171 161 191 181 211 217 199 205 251 241 239 229 35 41 55 61 11 1 31 21 115 121 103 109 91 81 79 69 197 207 209 219 237 231 249 243 149 159 129 139 189 183 169 163 101 111 113 123 77 71 89 83 53 63 33 43 29 23 9 3 70 76 82 88 110 100 122 112 22 28 2 8 62 52 42 32 230 236 242 248 206 196 218 208 182 188 162 168 158 148 138 128 73 67 93 87 97 107 117 127 25 19 13 7 49 59 37 47 233 227 253 247 193 203 213 223 185 179 173 167 145 155 133 143 202 192 222 212 226 232 246 252 154 144 142 132 178 184 166 172 106 96 126 116 66 72 86 92 58 48 46 36 18 24 6 12 140 134 152 146 164 174 176 186 220 214 200 194 244 254 224 234 44 38 56 50 4 14 16 26 124 118 104 98 84 94 64 74 15 5 27 17 39 45 51 57 95 85 75 65 119 125 99 105 175 165 187 177 135 141 147 153 255 245 235 225 215 221 195 201 
11 22 29 44 39 58 49 88 83 78 69 116 127 98 105 176 187 166 173 156 151 138 129 232 227 254 245 196 207 210 217 163 168 181 190 143 132 153 146 251 240 237 230 215 220 193 202 19 24 5 14 63 52 41 34 75 64 93 86 103 108 113 122 133 142 147 152 169 162 191 180 221 214 203 192 241 250 231 236 53 62 35 40 25 18 15 4 109 102 123 112 65 74 87 92 38 45 48 59 10 1 28 23 126 117 104 99 82 89 68 79 150 157 128 139 186 177 172 167 206 197 216 211 226 233 244 255 201 194 223 212 229 238 243 248 145 154 135 140 189 182 171 160 121 114 111 100 85 94 67 72 33 42 55 60 13 6 27 16 106 97 124 119 70 77 80 91 50 57 36 47 30 21 8 3 218 209 204 199 246 253 224 235 130 137 148 159 174 165 184 179 76 71 90 81 96 107 118 125 20 31 2 9 56 51 46 37 252 247 234 225 208 219 198 205 164 175 178 185 136 131 158 149 239 228 249 242 195 200 213 222 183 188 161 170 155 144 141 134 95 84 73 66 115 120 101 110 7 12 17 26 43 32 61 54 
12 24 20 48 60 40 36 96 108 120 116 80 92 72 68 192 204 216 212 240 252 232 228 160 172 184 180 144 156 136 132 67 79 91 87 115 127 107 103 35 47 59 55 19 31 11 7 131 143 155 151 179 191 171 167 227 239 251 247 211 223 203 199 134 138 158 146 182 186 174 162 230 234 254 242 214 218 206 194 70 74 94 82 118 122 110 98 38 42 62 50 22 26 14 2 197 201 221 209 245 249 237 225 165 169 189 177 149 153 141 129 5 9 29 17 53 57 45 33 101 105 125 113 85 89 77 65 207 195 215 219 255 243 231 235 175 163 183 187 159 147 135 139 15 3 23 27 63 51 39 43 111 99 119 123 95 83 71 75 140 128 148 152 188 176 164 168 236 224 244 248 220 208 196 200 76 64 84 88 124 112 100 104 44 32 52 56 28 16 4 8 73 69 81 93 121 117 97 109 41 37 49 61 25 21 1 13 137 133 145 157 185 181 161 173 233 229 241 253 217 213 193 205 10 6 18 30 58 54 34 46 106 102 114 126 90 86 66 78 202 198 210 222 250 246 226 238 170 166 178 190 154 150 130 142 
13 26 23 52 57 46 35 104 101 114 127 92 81 70 75 208 221 202 199 228 233 254 243 184 181 162 175 140 129 150 155 99 110 121 116 87 90 77 64 11 6 17 28 63 50 37 40 179 190 169 164 135 138 157 144 219 214 193 204 239 226 245 248 198 203 220 209 242 255 232 229 174 163 180 185 154 151 128 141 22 27 12 1 34 47 56 53 126 115 100 105 74 71 80 93 165 168 191 178 145 156 139 134 205 192 215 218 249 244 227 238 117 120 111 98 65 76 91 86 29 16 7 10 41 36 51 62 79 66 85 88 123 118 97 108 39 42 61 48 19 30 9 4 159 146 133 136 171 166 177 188 247 250 237 224 195 206 217 212 44 33 54 59 24 21 2 15 68 73 94 83 112 125 106 103 252 241 230 235 200 197 210 223 148 153 142 131 160 173 186 183 137 132 147 158 189 176 167 170 225 236 251 246 213 216 207 194 89 84 67 78 109 96 119 122 49 60 43 38 5 8 31 18 234 231 240 253 222 211 196 201 130 143 152 149 182 187 172 161 58 55 32 45 14 3 20 25 82 95 72 69 102 107 124 113 
14 28 18 56 54 36 42 112 126 108 98 72 70 84 90 224 238 252 242 216 214 196 202 144 158 140 130 168 166 180 186 3 13 31 17 59 53 39 41 115 125 111 97 75 69 87 89 227 237 255 241 219 213 199 201 147 157 143 129 171 165 183 185 6 8 26 20 62 48 34 44 118 120 106 100 78 64 82 92 230 232 250 244 222 208 194 204 150 152 138 132 174 160 178 188 5 11 25 23 61 51 33 47 117 123 105 103 77 67 81 95 229 235 249 247 221 211 193 207 149 155 137 135 173 163 177 191 12 2 16 30 52 58 40 38 124 114 96 110 68 74 88 86 236 226 240 254 212 218 200 198 156 146 128 142 164 170 184 182 15 1 19 29 55 57 43 37 127 113 99 109 71 73 91 85 239 225 243 253 215 217 203 197 159 145 131 141 167 169 187 181 10 4 22 24 50 60 46 32 122 116 102 104 66 76 94 80 234 228 246 248 210 220 206 192 154 148 134 136 162 172 190 176 9 7 21 27 49 63 45 35 121 119 101 107 65 79 93 83 233 231 245 251 209 223 205 195 153 151 133 139 161 175 189 179 
15 30 17 60 51 34 45 120 119 102 105 68 75 90 85 240 255 238 225 204 195 210 221 136 135 150 153 180 187 170 165 35 44 61 50 31 16 1 14 91 84 69 74 103 104 121 118 211 220 205 194 239 224 241 254 171 164 181 186 151 152 137 134 70 73 88 87 122 117 100 107 62 49 32 47 2 13 28 19 182 185 168 167 138 133 148 155 206 193 208 223 242 253 236 227 101 106 123 116 89 86 71 72 29 18 3 12 33 46 63 48 149 154 139 132 169 166 183 184 237 226 243 252 209 222 207 192 140 131 146 157 176 191 174 161 244 251 234 229 200 199 214 217 124 115 98 109 64 79 94 81 4 11 26 21 56 55 38 41 175 160 177 190 147 156 141 130 215 216 201 198 235 228 245 250 95 80 65 78 99 108 125 114 39 40 57 54 27 20 5 10 202 197 212 219 246 249 232 231 178 189 172 163 142 129 144 159 58 53 36 43 6 9 24 23 66 77 92 83 126 113 96 111 233 230 247 248 213 218 203 196 145 158 143 128 173 162 179 188 25 22 7 8 37 42 59 52 97 110 127 112 93 82 67 76 
16 32 48 64 80 96 112 128 144 160 176 192 208 224 240 195 211 227 243 131 147 163 179 67 83 99 115 3 19 35 51 69 85 101 117 5 21 37 53 197 213 229 245 133 149 165 181 134 150 166 182 198 214 230 246 6 22 38 54 70 86 102 118 138 154 170 186 202 218 234 250 10 26 42 58 74 90 106 122 73 89 105 121 9 25 41 57 201 217 233 249 137 153 169 185 207 223 239 255 143 159 175 191 79 95 111 127 15 31 47 63 12 28 44 60 76 92 108 124 140 156 172 188 204 220 236 252 215 199 247 231 151 135 183 167 87 71 119 103 23 7 55 39 20 4 52 36 84 68 116 100 148 132 180 164 212 196 244 228 146 130 178 162 210 194 242 226 18 2 50 34 82 66 114 98 81 65 113 97 17 1 49 33 209 193 241 225 145 129 177 161 93 77 125 109 29 13 61 45 221 205 253 237 157 141 189 173 158 142 190 174 222 206 254 238 30 14 62 46 94 78 126 110 24 8 56 40 88 72 120 104 152 136 184 168 216 200 248 232 219 203 251 235 155 139 187 171 91 75 123 107 27 11 59 43 
17 34 51 68 85 102 119 136 153 170 187 204 221 238 255 211 194 241 224 151 134 181 164 91 74 121 104 31 14 61 44 101 116 71 86 33 48 3 18 237 252 207 222 169 184 139 154 182 167 148 133 242 227 208 193 62 47 28 13 122 107 88 73 202 219 232 249 142 159 172 189 66 83 96 113 6 23 36 53 25 8 59 42 93 76 127 110 145 128 179 162 213 196 247 230 175 190 141 156 235 250 201 216 39 54 5 20 99 114 65 80 124 109 94 79 56 41 26 11 244 229 214 199 176 161 146 131 87 70 117 100 19 2 49 32 223 206 253 236 155 138 185 168 132 149 166 183 192 209 226 243 12 29 46 63 72 89 106 123 50 35 16 1 118 103 84 69 186 171 152 137 254 239 220 205 225 240 195 210 165 180 135 150 105 120 75 90 45 60 15 30 157 140 191 174 217 200 251 234 21 4 55 38 81 64 115 98 78 95 108 125 10 27 40 57 198 215 228 245 130 147 160 177 248 233 218 203 188 173 158 143 112 97 82 67 52 37 22 7 43 58 9 24 111 126 77 92 163 178 129 144 231 246 197 212 
18 36 54 72 90 108 126 144 130 180 166 216 202 252 238 227 241 199 213 171 185 143 157 115 97 87 69 59 41 31 13 5 23 33 51 77 95 105 123 149 135 177 163 221 207 249 235 230 244 194 208 174 188 138 152 118 100 82 64 62 44 26 8 10 24 46 60 66 80 102 116 154 136 190 172 210 192 246 228 233 251 205 223 161 179 133 151 121 107 93 79 49 35 21 7 15 29 43 57 71 85 99 113 159 141 187 169 215 197 243 225 236 254 200 218 164 182 128 146 124 110 88 74 52 38 16 2 20 6 48 34 92 78 120 106 132 150 160 178 204 222 232 250 247 229 211 193 191 173 155 137 103 117 67 81 47 61 11 25 17 3 53 39 89 75 125 111 129 147 165 183 201 219 237 255 242 224 214 196 186 168 158 140 98 112 70 84 42 56 14 28 30 12 58 40 86 68 114 96 142 156 170 184 198 212 226 240 253 239 217 203 181 167 145 131 109 127 73 91 37 55 1 19 27 9 63 45 83 65 119 101 139 153 175 189 195 209 231 245 248 234 220 206 176 162 148 134 104 122 76 94 32 50 4 22 
19 38 53 76 95 106 121 152 139 190 173 212 199 242 225 243 224 213 198 191 172 153 138 107 120 77 94 39 52 1 18 37 54 3 16 105 122 79 92 189 174 155 136 241 226 215 196 214 197 240 227 154 137 188 175 78 93 104 123 2 17 36 55 74 89 108 127 6 21 32 51 210 193 244 231 158 141 184 171 185 170 159 140 245 230 211 192 33 50 7 20 109 126 75 88 111 124 73 90 35 48 5 22 247 228 209 194 187 168 157 142 156 143 186 169 208 195 246 229 4 23 34 49 72 91 110 125 148 135 178 161 216 203 254 237 12 31 42 57 64 83 102 117 103 116 65 82 43 56 13 30 255 236 217 202 179 160 149 134 177 162 151 132 253 238 219 200 41 58 15 28 101 118 67 80 66 81 100 119 14 29 40 59 218 201 252 239 150 133 176 163 222 205 248 235 146 129 180 167 70 85 96 115 10 25 44 63 45 62 11 24 97 114 71 84 181 166 147 128 249 234 223 204 251 232 221 206 183 164 145 130 99 112 69 86 47 60 9 26 8 27 46 61 68 87 98 113 144 131 182 165 220 207 250 233 
20 40 60 80 68 120 108 160 180 136 156 240 228 216 204 131 151 171 191 211 199 251 239 35 55 11 31 115 103 91 79 197 209 237 249 149 129 189 169 101 113 77 89 53 33 29 9 70 82 110 122 22 2 62 42 230 242 206 218 182 162 158 138 73 93 97 117 25 13 49 37 233 253 193 213 185 173 145 133 202 222 226 246 154 142 178 166 106 126 66 86 58 46 18 6 140 152 164 176 220 200 244 224 44 56 4 16 124 104 84 64 15 27 39 51 95 75 119 99 175 187 135 147 255 235 215 195 146 134 186 174 194 214 234 254 50 38 26 14 98 118 74 94 17 5 57 45 65 85 105 125 177 165 153 141 225 245 201 221 87 67 127 107 7 19 47 59 247 227 223 203 167 179 143 155 212 192 252 232 132 144 172 184 116 96 92 72 36 48 12 24 219 207 243 231 139 159 163 183 123 111 83 71 43 63 3 23 88 76 112 100 8 28 32 52 248 236 208 196 168 188 128 148 30 10 54 34 78 90 102 114 190 170 150 130 238 250 198 210 157 137 181 161 205 217 229 241 61 41 21 1 109 121 69 81 
21 42 63 84 65 126 107 168 189 130 151 252 233 214 195 147 134 185 172 199 210 237 248 59 46 17 4 111 122 69 80 229 240 207 218 177 164 155 142 77 88 103 114 25 12 51 38 118 99 92 73 34 55 8 29 222 203 244 225 138 159 160 181 9 28 35 54 93 72 119 98 161 180 139 158 245 224 223 202 154 143 176 165 206 219 228 241 50 39 24 13 102 115 76 89 236 249 198 211 184 173 146 135 68 81 110 123 16 5 58 47 127 106 85 64 43 62 1 20 215 194 253 232 131 150 169 188 18 7 56 45 70 83 108 121 186 175 144 133 238 251 196 209 129 148 171 190 213 192 255 234 41 60 3 22 125 104 87 66 247 226 221 200 163 182 137 156 95 74 117 96 11 30 33 52 100 113 78 91 48 37 26 15 204 217 230 243 152 141 178 167 27 14 49 36 79 90 101 112 179 166 153 140 231 242 205 216 136 157 162 183 220 201 246 227 32 53 10 31 116 97 94 75 254 235 212 193 170 191 128 149 86 67 124 105 2 23 40 61 109 120 71 82 57 44 19 6 197 208 239 250 145 132 187 174 
22 44 58 88 78 116 98 176 166 156 138 232 254 196 210 163 181 143 153 251 237 215 193 19 5 63 41 75 93 103 113 133 147 169 191 221 203 241 231 53 35 25 15 109 123 65 87 38 48 10 28 126 104 82 68 150 128 186 172 206 216 226 244 201 223 229 243 145 135 189 171 121 111 85 67 33 55 13 27 106 124 70 80 50 36 30 8 218 204 246 224 130 148 174 184 76 90 96 118 20 2 56 46 252 234 208 198 164 178 136 158 239 249 195 213 183 161 155 141 95 73 115 101 7 17 43 61 81 71 125 107 9 31 37 51 225 247 205 219 185 175 149 131 242 228 222 200 170 188 134 144 66 84 110 120 26 12 54 32 212 194 248 238 140 154 160 182 100 114 72 94 60 42 16 6 119 97 91 77 47 57 3 21 199 209 235 253 159 137 179 165 152 142 180 162 192 214 236 250 40 62 4 18 112 102 92 74 59 45 23 1 99 117 79 89 139 157 167 177 211 197 255 233 29 11 49 39 69 83 105 127 173 187 129 151 245 227 217 207 190 168 146 132 230 240 202 220 14 24 34 52 86 64 122 108 
23 46 57 92 75 114 101 184 175 150 129 228 243 202 221 179 164 157 138 239 248 193 214 11 28 37 50 87 64 121 110 165 178 139 156 249 238 215 192 29 10 51 36 65 86 111 120 22 1 56 47 74 93 100 115 174 185 128 151 242 229 220 203 137 158 167 176 213 194 251 236 49 38 31 8 109 122 67 84 58 45 20 3 102 113 72 95 130 149 172 187 222 201 240 231 44 59 2 21 112 103 94 73 148 131 186 173 200 223 230 241 159 136 177 166 195 212 237 250 39 48 9 30 123 108 85 66 209 198 255 232 141 154 163 180 105 126 71 80 53 34 27 12 98 117 76 91 62 41 16 7 218 205 244 227 134 145 168 191 116 99 90 77 40 63 6 17 204 219 226 245 144 135 190 169 199 208 233 254 155 140 181 162 127 104 81 70 35 52 13 26 88 79 118 97 4 19 42 61 224 247 206 217 188 171 146 133 235 252 197 210 183 160 153 142 83 68 125 106 15 24 33 54 253 234 211 196 161 182 143 152 69 82 107 124 25 14 55 32 78 89 96 119 18 5 60 43 246 225 216 207 170 189 132 147 
24 48 40 96 120 80 72 192 216 240 232 160 184 144 136 67 91 115 107 35 59 19 11 131 155 179 171 227 251 211 203 134 158 182 174 230 254 214 206 70 94 118 110 38 62 22 14 197 221 245 237 165 189 149 141 5 29 53 45 101 125 85 77 207 215 255 231 175 183 159 135 15 23 63 39 111 119 95 71 140 148 188 164 236 244 220 196 76 84 124 100 44 52 28 4 73 81 121 97 41 49 25 1 137 145 185 161 233 241 217 193 10 18 58 34 106 114 90 66 202 210 250 226 170 178 154 130 93 69 109 117 61 37 13 21 157 133 173 181 253 229 205 213 30 6 46 54 126 102 78 86 222 198 238 246 190 166 142 150 219 195 235 243 187 163 139 147 27 3 43 51 123 99 75 83 152 128 168 176 248 224 200 208 88 64 104 112 56 32 8 16 146 138 162 186 242 234 194 218 82 74 98 122 50 42 2 26 209 201 225 249 177 169 129 153 17 9 33 57 113 105 65 89 20 12 36 60 116 108 68 92 212 204 228 252 180 172 132 156 87 79 103 127 55 47 7 31 151 143 167 191 247 239 199 223 
25 50 43 100 125 86 79 200 209 250 227 172 181 158 135 83 74 97 120 55 46 5 28 155 130 169 176 255 230 205 212 166 191 148 141 194 219 240 233 110 119 92 69 10 19 56 33 245 236 199 222 145 136 163 186 61 36 15 22 89 64 107 114 143 150 189 164 235 242 217 192 71 94 117 108 35 58 17 8 220 197 238 247 184 161 138 147 20 13 38 63 112 105 66 91 41 48 27 2 77 84 127 102 225 248 211 202 133 156 183 174 122 99 72 81 30 7 44 53 178 171 128 153 214 207 228 253 221 196 239 246 185 160 139 146 21 12 39 62 113 104 67 90 142 151 188 165 234 243 216 193 70 95 116 109 34 59 16 9 123 98 73 80 31 6 45 52 179 170 129 152 215 206 229 252 40 49 26 3 76 85 126 103 224 249 210 203 132 157 182 175 82 75 96 121 54 47 4 29 154 131 168 177 254 231 204 213 1 24 51 42 101 124 87 78 201 208 251 226 173 180 159 134 244 237 198 223 144 137 162 187 60 37 14 23 88 65 106 115 167 190 149 140 195 218 241 232 111 118 93 68 11 18 57 32 
26 52 46 104 114 92 70 208 202 228 254 184 162 140 150 99 121 87 77 11 17 63 37 179 169 135 157 219 193 239 245 198 220 242 232 174 180 154 128 22 12 34 56 126 100 74 80 165 191 145 139 205 215 249 227 117 111 65 91 29 7 41 51 79 85 123 97 39 61 19 9 159 133 171 177 247 237 195 217 44 54 24 2 68 94 112 106 252 230 200 210 148 142 160 186 137 147 189 167 225 251 213 207 89 67 109 119 49 43 5 31 234 240 222 196 130 152 182 172 58 32 14 20 82 72 102 124 158 132 170 176 246 236 194 216 78 84 122 96 38 60 18 8 253 231 201 211 149 143 161 187 45 55 25 3 69 95 113 107 88 66 108 118 48 42 4 30 136 146 188 166 224 250 212 206 59 33 15 21 83 73 103 125 235 241 223 197 131 153 183 173 209 203 229 255 185 163 141 151 1 27 53 47 105 115 93 71 178 168 134 156 218 192 238 244 98 120 86 76 10 16 62 36 23 13 35 57 127 101 75 81 199 221 243 233 175 181 155 129 116 110 64 90 28 6 40 50 164 190 144 138 204 214 248 226 
27 54 45 108 119 90 65 216 195 238 245 180 175 130 153 115 104 69 94 31 4 41 50 171 176 157 134 199 220 241 234 230 253 208 203 138 145 188 167 62 37 8 19 82 73 100 127 149 142 163 184 249 226 207 212 77 86 123 96 33 58 23 12 15 20 57 34 99 120 85 78 215 204 225 250 187 160 141 150 124 103 74 81 16 11 38 61 164 191 146 137 200 211 254 229 233 242 223 196 133 158 179 168 49 42 7 28 93 70 107 112 154 129 172 183 246 237 192 219 66 89 116 111 46 53 24 3 30 5 40 51 114 105 68 95 198 221 240 235 170 177 156 135 109 118 91 64 1 26 55 44 181 174 131 152 217 194 239 244 248 227 206 213 148 143 162 185 32 59 22 13 76 87 122 97 139 144 189 166 231 252 209 202 83 72 101 126 63 36 9 18 17 10 39 60 125 102 75 80 201 210 255 228 165 190 147 136 98 121 84 79 14 21 56 35 186 161 140 151 214 205 224 251 247 236 193 218 155 128 173 182 47 52 25 2 67 88 117 110 132 159 178 169 232 243 222 197 92 71 106 113 48 43 6 29 
28 56 36 112 108 72 84 224 252 216 196 144 140 168 180 3 31 59 39 115 111 75 87 227 255 219 199 147 143 171 183 6 26 62 34 118 106 78 82 230 250 222 194 150 138 174 178 5 25 61 33 117 105 77 81 229 249 221 193 149 137 173 177 12 16 52 40 124 96 68 88 236 240 212 200 156 128 164 184 15 19 55 43 127 99 71 91 239 243 215 203 159 131 167 187 10 22 50 46 122 102 66 94 234 246 210 206 154 134 162 190 9 21 49 45 121 101 65 93 233 245 209 205 153 133 161 189 24 4 32 60 104 116 80 76 248 228 192 220 136 148 176 172 27 7 35 63 107 119 83 79 251 231 195 223 139 151 179 175 30 2 38 58 110 114 86 74 254 226 198 218 142 146 182 170 29 1 37 57 109 113 85 73 253 225 197 217 141 145 181 169 20 8 44 48 100 120 92 64 244 232 204 208 132 152 188 160 23 11 47 51 103 123 95 67 247 235 207 211 135 155 191 163 18 14 42 54 98 126 90 70 242 238 202 214 130 158 186 166 17 13 41 53 97 125 89 69 241 237 201 213 129 157 185 165 
29 58 39 116 105 78 83 232 245 210 207 156 129 166 187 19 14 41 52 103 122 93 64 251 230 193 220 143 146 181 168 38 59 28 1 82 79 104 117 206 211 244 233 186 167 128 157 53 40 15 18 65 92 123 102 221 192 231 250 169 180 147 142 76 81 118 107 56 37 2 31 164 185 158 131 208 205 234 247 95 66 101 120 43 54 17 12 183 170 141 144 195 222 249 228 106 119 80 77 30 3 36 57 130 159 184 165 246 235 204 209 121 100 67 94 13 16 55 42 145 140 171 182 229 248 223 194 152 133 162 191 236 241 214 203 112 109 74 87 4 25 62 35 139 150 177 172 255 226 197 216 99 126 89 68 23 10 45 48 190 163 132 153 202 215 240 237 86 75 108 113 34 63 24 5 173 176 151 138 217 196 227 254 69 88 127 98 49 44 11 22 212 201 238 243 160 189 154 135 60 33 6 27 72 85 114 111 199 218 253 224 179 174 137 148 47 50 21 8 91 70 97 124 242 239 200 213 134 155 188 161 26 7 32 61 110 115 84 73 225 252 219 198 149 136 175 178 9 20 51 46 125 96 71 90 
30 60 34 120 102 68 90 240 238 204 210 136 150 180 170 35 61 31 1 91 69 103 121 211 205 239 241 171 181 151 137 70 88 122 100 62 32 2 28 182 168 138 148 206 208 242 236 101 123 89 71 29 3 33 63 149 139 169 183 237 243 209 207 140 146 176 174 244 234 200 214 124 98 64 94 4 26 56 38 175 177 147 141 215 201 235 245 95 65 99 125 39 57 27 5 202 212 246 232 178 172 142 144 58 36 6 24 66 92 126 96 233 247 213 203 145 143 173 179 25 7 37 59 97 127 93 67 219 197 231 249 163 189 159 129 43 53 23 9 83 77 111 113 248 230 196 218 128 158 188 162 8 22 52 42 112 110 76 82 157 131 161 191 229 251 217 199 109 115 81 79 21 11 41 55 190 160 130 156 198 216 250 228 78 80 114 108 54 40 10 20 87 73 107 117 47 49 19 13 167 185 155 133 223 193 227 253 116 106 72 86 12 18 48 46 132 154 184 166 252 226 192 222 17 15 45 51 105 119 85 75 225 255 221 195 153 135 165 187 50 44 14 16 74 84 118 104 194 220 254 224 186 164 134 152 
31 62 33 124 99 66 93 248 231 198 217 132 155 186 165 51 44 13 18 79 80 113 110 203 212 245 234 183 168 137 150 102 121 88 71 26 5 36 59 158 129 160 191 226 253 220 195 85 74 107 116 41 54 23 8 173 178 147 140 209 206 239 240 204 211 242 237 176 175 142 145 52 43 10 21 72 87 118 105 255 224 193 222 131 156 189 162 7 24 57 38 123 100 69 90 170 181 148 139 214 201 232 247 82 77 108 115 46 49 16 15 153 134 167 184 229 250 219 196 97 126 95 64 29 2 35 60 91 68 101 122 39 56 25 6 163 188 157 130 223 192 225 254 104 119 86 73 20 11 42 53 144 143 174 177 236 243 210 205 61 34 3 28 65 94 127 96 197 218 251 228 185 166 135 152 14 17 48 47 114 109 76 83 246 233 200 215 138 149 180 171 151 136 169 182 235 244 213 202 111 112 81 78 19 12 45 50 164 187 154 133 216 199 230 249 92 67 98 125 32 63 30 1 241 238 207 208 141 146 179 172 9 22 55 40 117 106 75 84 194 221 252 227 190 161 128 159 58 37 4 27 70 89 120 103 
32 64 96 128 160 192 224 195 227 131 163 67 99 3 35 69 101 5 37 197 229 133 165 134 166 198 230 6 38 70 102 138 170 202 234 10 42 74 106 73 105 9 41 201 233 137 169 207 239 143 175 79 111 15 47 12 44 76 108 140 172 204 236 215 247 151 183 87 119 23 55 20 52 84 116 148 180 212 244 146 178 210 242 18 50 82 114 81 113 17 49 209 241 145 177 93 125 29 61 221 253 157 189 158 190 222 254 30 62 94 126 24 56 88 120 152 184 216 248 219 251 155 187 91 123 27 59 109 77 45 13 237 205 173 141 174 142 238 206 46 14 110 78 40 8 104 72 168 136 232 200 235 203 171 139 107 75 43 11 231 199 167 135 103 71 39 7 36 4 100 68 164 132 228 196 162 130 226 194 34 2 98 66 97 65 33 1 225 193 161 129 186 154 250 218 58 26 122 90 121 89 57 25 249 217 185 153 255 223 191 159 127 95 63 31 60 28 124 92 188 156 252 220 48 16 112 80 176 144 240 208 243 211 179 147 115 83 51 19 117 85 53 21 245 213 181 149 182 150 246 214 54 22 118 86 
33 66 99 132 165 198 231 203 234 137 168 79 110 13 44 85 116 23 54 209 240 147 178 158 191 220 253 26 59 88 121 170 139 232 201 46 15 108 77 97 64 35 2 229 196 167 134 255 222 189 156 123 90 57 24 52 21 118 87 176 145 242 211 151 182 213 244 19 50 81 112 92 125 30 63 216 249 154 187 194 227 128 161 70 103 4 37 9 40 75 106 141 172 207 238 61 28 127 94 185 152 251 218 246 215 180 149 114 83 48 17 104 73 42 11 236 205 174 143 163 130 225 192 39 6 101 68 237 204 175 142 105 72 43 10 38 7 100 69 162 131 224 193 184 153 250 219 60 29 126 95 115 82 49 16 247 214 181 148 71 102 5 36 195 226 129 160 140 173 206 239 8 41 74 107 18 51 80 113 150 183 212 245 217 248 155 186 93 124 31 62 122 91 56 25 254 223 188 157 177 144 243 210 53 20 119 86 47 14 109 76 171 138 233 200 228 197 166 135 96 65 34 3 208 241 146 179 84 117 22 55 27 58 89 120 159 190 221 252 133 164 199 230 1 32 67 98 78 111 12 45 202 235 136 169 
34 68 102 136 170 204 238 211 241 151 181 91 121 31 61 101 71 33 3 237 207 169 139 182 148 242 208 62 28 122 88 202 232 142 172 66 96 6 36 25 59 93 127 145 179 213 247 175 141 235 201 39 5 99 65 124 94 56 26 244 214 176 146 87 117 19 49 223 253 155 185 132 166 192 226 12 46 72 106 50 16 118 84 186 152 254 220 225 195 165 135 105 75 45 15 157 191 217 251 21 55 81 115 78 108 10 40 198 228 130 160 248 218 188 158 112 82 52 22 43 9 111 77 163 129 231 197 174 140 234 200 38 4 98 64 125 95 57 27 245 215 177 147 203 233 143 173 67 97 7 37 24 58 92 126 144 178 212 246 100 70 32 2 236 206 168 138 183 149 243 209 63 29 123 89 1 35 69 103 137 171 205 239 210 240 150 180 90 120 30 60 249 219 189 159 113 83 53 23 42 8 110 76 162 128 230 196 156 190 216 250 20 54 80 114 79 109 11 41 199 229 131 161 51 17 119 85 187 153 255 221 224 194 164 134 104 74 44 14 86 116 18 48 222 252 154 184 133 167 193 227 13 47 73 107 
35 70 101 140 175 202 233 219 248 157 190 87 116 17 50 117 86 51 16 249 218 191 156 174 141 232 203 34 1 100 71 234 201 172 143 102 69 32 3 49 18 119 84 189 158 251 216 159 188 217 250 19 48 85 118 68 103 2 33 200 235 142 173 23 52 81 114 155 184 221 254 204 239 138 169 64 99 6 37 98 65 36 7 238 205 168 139 185 154 255 220 53 22 115 80 253 222 187 152 113 82 55 20 38 5 96 67 170 137 236 207 136 171 206 237 4 39 66 97 83 112 21 54 223 252 153 186 46 13 104 75 162 129 228 199 245 214 179 144 121 90 63 28 91 120 29 62 215 244 145 178 128 163 198 229 12 47 74 105 196 231 130 161 72 107 14 45 31 60 89 122 147 176 213 246 177 146 247 212 61 30 123 88 106 73 44 15 230 197 160 131 57 26 127 92 181 150 243 208 226 193 164 135 110 77 40 11 76 111 10 41 192 227 134 165 151 180 209 242 27 56 93 126 211 240 149 182 95 124 25 58 8 43 78 109 132 167 194 225 166 133 224 195 42 9 108 79 125 94 59 24 241 210 183 148 
36 72 108 144 180 216 252 227 199 171 143 115 87 59 31 5 33 77 105 149 177 221 249 230 194 174 138 118 82 62 26 10 46 66 102 154 190 210 246 233 205 161 133 121 93 49 21 15 43 71 99 159 187 215 243 236 200 164 128 124 88 52 16 20 48 92 120 132 160 204 232 247 211 191 155 103 67 47 11 17 53 89 125 129 165 201 237 242 214 186 158 98 70 42 14 30 58 86 114 142 170 198 226 253 217 181 145 109 73 37 1 27 63 83 119 139 175 195 231 248 220 176 148 104 76 32 4 40 12 96 68 184 156 240 212 203 239 131 167 91 127 19 55 45 9 101 65 189 153 245 209 206 234 134 162 94 122 22 50 34 6 106 78 178 150 250 222 193 229 137 173 81 117 25 61 39 3 111 75 183 147 255 219 196 224 140 168 84 112 28 56 60 24 116 80 172 136 228 192 223 251 151 179 79 107 7 35 57 29 113 85 169 141 225 197 218 254 146 182 74 110 2 38 54 18 126 90 166 130 238 202 213 241 157 185 69 97 13 41 51 23 123 95 163 135 235 207 208 244 152 188 64 100 8 44 
37 74 111 148 177 222 251 235 206 161 132 127 90 53 16 21 48 95 122 129 164 203 238 254 219 180 145 106 79 32 5 42 15 96 69 190 155 244 209 193 228 139 174 85 112 31 58 63 26 117 80 171 142 225 196 212 241 158 187 64 101 10 47 84 113 30 59 192 229 138 175 191 154 245 208 43 14 97 68 65 100 11 46 213 240 159 186 170 143 224 197 62 27 116 81 126 91 52 17 234 207 160 133 149 176 223 250 1 36 75 110 107 78 33 4 255 218 181 144 128 165 202 239 20 49 94 123 168 141 226 199 60 25 118 83 67 102 9 44 215 242 157 184 189 152 247 210 41 12 99 70 86 115 28 57 194 231 136 173 130 167 200 237 22 51 92 121 105 76 35 6 253 216 183 146 151 178 221 248 3 38 73 108 124 89 54 19 232 205 162 135 252 217 182 147 104 77 34 7 23 50 93 120 131 166 201 236 233 204 163 134 125 88 55 18 2 39 72 109 150 179 220 249 214 243 156 185 66 103 8 45 61 24 119 82 169 140 227 198 195 230 137 172 87 114 29 56 40 13 98 71 188 153 246 211 
38 76 106 152 190 212 242 243 213 191 153 107 77 39 1 37 3 105 79 189 155 241 215 214 240 154 188 78 104 2 36 74 108 6 32 210 244 158 184 185 159 245 211 33 7 109 75 111 73 35 5 247 209 187 157 156 186 208 246 4 34 72 110 148 178 216 254 12 42 64 102 103 65 43 13 255 217 179 149 177 151 253 219 41 15 101 67 66 100 14 40 218 252 150 176 222 248 146 180 70 96 10 44 45 11 97 71 181 147 249 223 251 221 183 145 99 69 47 9 8 46 68 98 144 182 220 250 235 205 167 129 115 85 63 25 24 62 84 114 128 166 204 234 206 232 130 164 86 112 26 60 61 27 113 87 165 131 233 207 161 135 237 203 57 31 117 83 82 116 30 56 202 236 134 160 132 162 200 238 28 58 80 118 119 81 59 29 239 201 163 133 127 89 51 21 231 193 171 141 140 170 192 230 20 50 88 126 90 124 22 48 194 228 142 168 169 143 229 195 49 23 125 91 53 19 121 95 173 139 225 199 198 224 138 172 94 120 18 52 16 54 92 122 136 174 196 226 227 197 175 137 123 93 55 17 
39 78 105 156 187 210 245 251 220 181 146 103 64 41 14 53 18 123 92 169 142 231 192 206 233 128 167 82 117 28 59 106 77 36 3 246 209 184 159 145 182 223 248 13 42 67 100 95 120 17 54 195 228 141 170 164 131 234 205 56 31 118 81 212 243 154 189 72 111 6 33 47 8 97 70 179 148 253 218 225 198 175 136 125 90 51 20 26 61 84 115 134 161 200 239 190 153 240 215 34 5 108 75 69 98 11 44 217 254 151 176 139 172 197 226 23 48 89 126 112 87 62 25 236 203 162 133 107 76 37 2 247 208 185 158 144 183 222 249 12 43 66 101 94 121 16 55 194 229 140 171 165 130 235 204 57 30 119 80 1 38 79 104 157 186 211 244 250 221 180 147 102 65 40 15 52 19 122 93 168 143 230 193 207 232 129 166 83 116 29 58 191 152 241 214 35 4 109 74 68 99 10 45 216 255 150 177 138 173 196 227 22 49 88 127 113 86 63 24 237 202 163 132 213 242 155 188 73 110 7 32 46 9 96 71 178 149 252 219 224 199 174 137 124 91 50 21 27 60 85 114 135 160 201 238 
40 80 120 160 136 240 216 131 171 211 251 35 11 115 91 197 237 149 189 101 77 53 29 70 110 22 62 230 206 182 158 73 97 25 49 233 193 185 145 202 226 154 178 106 66 58 18 140 164 220 244 44 4 124 84 15 39 95 119 175 135 255 215 146 186 194 234 50 26 98 74 17 57 65 105 177 153 225 201 87 127 7 47 247 223 167 143 212 252 132 172 116 92 36 12 219 243 139 163 123 83 43 3 88 112 8 32 248 208 168 128 30 54 78 102 190 150 238 198 157 181 205 229 61 21 109 69 231 207 183 159 71 111 23 63 100 76 52 28 196 236 148 188 34 10 114 90 130 170 210 250 161 137 241 217 1 41 81 121 174 134 254 214 14 38 94 118 45 5 125 85 141 165 221 245 107 67 59 19 203 227 155 179 232 192 184 144 72 96 24 48 117 93 37 13 213 253 133 173 246 222 166 142 86 126 6 46 176 152 224 200 16 56 64 104 51 27 99 75 147 187 195 235 60 20 108 68 156 180 204 228 191 151 239 199 31 55 79 103 249 209 169 129 89 113 9 33 122 82 42 2 218 242 138 162 
41 82 123 164 141 246 223 139 162 217 240 47 6 125 84 213 252 135 174 113 88 35 10 94 119 12 37 250 211 168 129 105 64 59 18 205 228 159 182 226 203 176 153 70 111 20 61 188 149 238 199 24 49 74 99 55 30 101 76 147 186 193 232 210 251 128 169 118 95 36 13 89 112 11 34 253 212 175 134 7 46 85 124 163 138 241 216 140 165 222 247 40 1 122 83 187 146 233 192 31 54 77 100 48 25 98 75 148 189 198 239 110 71 60 21 202 227 152 177 229 204 183 158 65 104 19 58 103 78 53 28 195 234 145 184 236 197 190 151 72 97 26 51 178 155 224 201 22 63 68 109 57 16 107 66 157 180 207 230 14 39 92 117 170 131 248 209 133 172 215 254 33 8 115 90 219 242 137 160 127 86 45 4 80 121 2 43 244 221 166 143 181 156 231 206 17 56 67 106 62 23 108 69 154 179 200 225 96 73 50 27 196 237 150 191 235 194 185 144 79 102 29 52 220 245 142 167 120 81 42 3 87 126 5 44 243 218 161 136 9 32 91 114 173 132 255 214 130 171 208 249 38 15 116 93 
42 84 126 168 130 252 214 147 185 199 237 59 17 111 69 229 207 177 155 77 103 25 51 118 92 34 8 222 244 138 160 9 35 93 119 161 139 245 223 154 176 206 228 50 24 102 76 236 198 184 146 68 110 16 58 127 85 43 1 215 253 131 169 18 56 70 108 186 144 238 196 129 171 213 255 41 3 125 87 247 221 163 137 95 117 11 33 100 78 48 26 204 230 152 178 27 49 79 101 179 153 231 205 136 162 220 246 32 10 116 94 254 212 170 128 86 124 2 40 109 71 57 19 197 239 145 187 36 14 112 90 140 166 216 242 183 157 227 201 31 53 75 97 193 235 149 191 105 67 61 23 82 120 6 44 250 208 174 132 45 7 121 83 133 175 209 251 190 148 234 192 22 60 66 104 200 226 156 182 96 74 52 30 91 113 15 37 243 217 167 141 54 28 98 72 158 180 202 224 165 143 241 219 13 39 89 115 211 249 135 173 123 81 47 5 64 106 20 62 232 194 188 150 63 21 107 65 151 189 195 233 172 134 248 210 4 46 80 122 218 240 142 164 114 88 38 12 73 99 29 55 225 203 181 159 
43 86 125 172 135 250 209 155 176 205 230 55 28 97 74 245 222 163 136 89 114 15 36 110 69 56 19 194 233 148 191 41 2 127 84 133 174 211 248 178 153 228 207 30 53 72 99 220 247 138 161 112 91 38 13 71 108 17 58 235 192 189 150 82 121 4 47 254 213 168 131 201 226 159 180 101 78 51 24 167 140 241 218 11 32 93 118 60 23 106 65 144 187 198 237 123 80 45 6 215 252 129 170 224 203 182 157 76 103 26 49 142 165 216 243 34 9 116 95 21 62 67 104 185 146 239 196 164 143 242 217 8 35 94 117 63 20 105 66 147 184 197 238 81 122 7 44 253 214 171 128 202 225 156 183 102 77 48 27 141 166 219 240 33 10 119 92 22 61 64 107 186 145 236 199 120 83 46 5 212 255 130 169 227 200 181 158 79 100 25 50 246 221 160 139 90 113 12 39 109 70 59 16 193 234 151 188 3 40 85 126 175 132 249 210 152 179 206 229 52 31 98 73 223 244 137 162 115 88 37 14 68 111 18 57 232 195 190 149 42 1 124 87 134 173 208 251 177 154 231 204 29 54 75 96 
